Internal-count	ID	RA	DEC	Xmm	Ymm	xmm	ymm	Z
1	31024677	352.039734	0.179945	-12.989245	-1.373719	-12.867121	-1.360804	0.735272
2	31024257	352.052155	0.215877	-12.456061	0.000000	-12.341818	0.000000	0.735643
3	32008888	352.108215	0.317711	-10.049613	4.517361	-9.962494	4.478201	0.652251
4	31048079	352.116028	0.128185	-9.714388	-3.613971	-9.632198	-3.583395	0.743440
5	32009189	352.131775	0.290375	-9.038358	3.341649	-8.963850	3.314103	0.740026
6	32008434	352.138855	0.289710	-8.734453	3.313237	-8.663179	3.286200	0.716711
7	32007853	352.155212	0.289182	-8.032329	3.291034	-7.968211	3.264763	0.738668
8	31042634	352.164215	0.071174	-7.646007	-6.067017	-7.582703	-6.016785	0.702728
9	32007822	352.173523	0.305561	-7.246363	3.996255	-7.189261	3.964764	0.636467
10	31047194	352.183044	0.112113	-6.837751	-4.307219	-6.784192	-4.273481	0.703406
11	32003192	352.192474	0.221199	-6.432933	0.331773	-6.384829	0.329292	0.717223
12	31047738	352.204651	0.125024	-5.910307	-3.752495	-5.865448	-3.724015	0.748410
13	31046545	352.217285	0.152038	-5.367982	-2.590640	-5.328320	-2.571499	0.653786
14	32000877	352.241730	0.190097	-4.318714	-0.949411	-4.287834	-0.942623	0.742486
15	32003186	352.253723	0.222507	-3.803903	0.410163	-3.776983	0.407261	0.703198
16	32000693	352.262970	0.185110	-3.407003	-1.167597	-3.382977	-1.159363	0.743376
17	32000669	352.271759	0.174836	-3.029745	-1.611555	-3.008434	-1.600219	0.737902
18	31046451	352.277679	0.143662	-2.775624	-2.953274	-2.755908	-2.932295	0.738157
19	32003054	352.289520	0.236750	-2.267357	1.038777	-2.251597	1.031557	0.685660
20	31101177	352.297455	0.206620	-1.926780	-0.231031	-1.913458	-0.229434	0.738182
21	32000576	352.313507	0.210361	-1.237758	-0.045085	-1.229241	-0.044775	0.715906
22	32007727	352.321075	0.285163	-0.912891	3.123487	-0.906486	3.101571	0.741064
23	31101004	352.337830	0.198873	-0.193735	-0.582529	-0.192405	-0.578531	0.743199
24	31100528	352.351349	0.192000	0.386540	-0.879724	0.383884	-0.873680	0.743501
25	31046209	352.360962	0.124802	0.799174	-3.766390	0.793516	-3.739725	0.743002
26	31100378	352.365448	0.176448	0.991732	-1.548412	0.984881	-1.537716	0.668648
27	32002669	352.372864	0.239628	1.310040	1.170449	1.300995	1.162368	0.643256
28	31053581	352.390259	0.195017	2.056703	-0.755663	2.042451	-0.750427	0.731218
29	31039757	352.406128	0.070978	2.737887	-6.079601	2.717293	-6.033871	0.741469
30	32007115	352.424103	0.290713	3.509392	3.365210	3.484085	3.340942	0.702362
31	32006439	352.438965	0.272850	4.147329	2.599024	4.117402	2.580269	0.667052
32	31053579	352.445404	0.169988	4.423752	-1.830270	4.391899	-1.817091	0.659717
33	32002422	352.491638	0.240463	6.408275	1.216508	6.360255	1.207392	0.702111
34	31039728	352.505188	0.095437	6.989950	-5.030960	6.934276	-4.990888	0.696039
35	32001756	352.514954	0.224657	7.409071	0.557764	7.352153	0.553479	0.727430
36	31039669	352.520142	0.099241	7.631822	-4.867945	7.570151	-4.828609	0.710801
37	31053055	352.528900	0.184950	8.007733	-1.197888	7.944980	-1.188501	0.727108
38	31053074	352.533234	0.167789	8.193754	-1.929220	8.128895	-1.913949	0.696967
39	32009726	352.555450	0.349842	9.147286	5.907076	9.068376	5.856118	0.693215
40	32005635	352.561066	0.294349	9.388347	3.525441	9.309875	3.495974	0.730173
41	31045625	352.570099	0.107245	9.776207	-4.525475	9.692238	-4.486605	0.738014
42	32005584	352.577179	0.274235	10.080008	2.663959	9.994533	2.641369	0.711618
43	32009341	352.626068	0.334657	12.178495	5.256567	12.063025	5.206727	0.701870
LyC1	32022957	352.230286	0.193528	-8.433242	-2.431272	-8.365712	-2.411804	1.301670
LyC2	32100699	352.258453	0.206420	-5.036528	2.807351	-4.999485	2.786704	1.335130
LyC3	32032064	352.450684	0.302823	-1.540348	1.334892	-1.529689	1.325655	1.333440
LyC4	32039712	352.266846	0.364594	1.866750	3.832259	1.853441	3.804937	1.291190
LyC5	32030732	352.633362	0.273730	2.367152	0.236653	2.350718	0.235010	1.316530
LyC6	32026233	352.536774	0.264741	3.784497	-0.490421	3.757719	-0.486951	1.305480
LyC7	32038630	352.418579	0.345832	5.327562	3.700158	5.287678	3.672458	1.299190
LyC8	32020769	352.543335	0.190471	6.680791	-3.847929	6.629046	-3.818125	1.314520
LyC9	32023331	352.196564	0.161661	8.627332	-0.966239	8.558463	-0.958525	1.306070
LyC10	32019980	352.629517	0.205609	11.509261	-3.328297	11.405693	-3.298347	1.348650
LyC11	32036777	352.578766	0.344864	11.750172	3.577015	11.643155	3.544436	1.295040
LyC12	32034849	352.138123	0.328121	12.491621	2.644605	12.375585	2.620039	1.318970
LyC13	32023009	352.239532	0.195571	12.973752	-0.829854	12.852083	-0.822072	1.298610
OVI1	31042248	352.178345	0.187344	-7.039448	-1.062685	-6.985844	-1.054593	1.012220
OVI2	31042056	352.237030	0.163353	-4.520451	-2.104279	-4.487770	-2.089066	1.022620
OVI3	31042193	352.246979	0.181417	-4.093408	-1.325882	-4.064202	-1.316422	1.022770
OVI4	31042219	352.258362	0.206811	-3.604797	-0.202893	-3.579373	-0.201463	1.012240
OVI5	31043322	352.325775	0.257005	-0.711164	1.913443	-0.706243	1.900202	0.941971
OVI6	31039231	352.332947	0.127836	-0.403333	-3.635272	-0.400486	-3.609615	0.998672
OVI7	31051874	352.416565	0.250984	3.185850	1.660347	3.163386	1.648640	1.020590
OVI8	31043088	352.482666	0.251091	6.023151	1.669087	5.978330	1.656667	1.014210
OVI9	31035763	352.487488	0.078182	6.230189	-5.771608	6.180756	-5.725813	1.024540
OVI10	31045304	352.549896	0.290759	8.908912	3.371154	8.835754	3.343471	1.033290
OVI11	31042932	352.565613	0.256062	9.583552	1.886278	9.504186	1.870657	1.028300
OVI12	31038469	352.620972	0.112322	11.959906	-4.308813	11.849064	-4.268880	0.980039
QSO1	0		352.073503	0.202061	-11.442439	-0.441990	-11.341598	-0.368712	0.747760
QSO2	0		352.344871	0.106164	0.105149	-4.522814	0.104397	-4.420956	0.743550
QSO3	0		352.586350	0.290982	10.380773	3.341897	10.291093	3.382422	0.704950
QSO4	0		352.597237	0.168072	10.844156	-1.888355	10.750230	-1.802606	0.711000
#QSOgal1	31030718	352.051178	0.208688	-12.497986	0.000000			0.748233
#QSOgal2	31030749	352.071655	0.213332	-11.619001	0.000000			0.748185
#QSOgal3	31030721	352.073486	0.202207	-11.540412	-0.370868			0.747831
#QSOgal4	32016869	352.344910	0.106251	0.110127	-4.563025			0.743514
#QSOgal5	32020045	352.582092	0.172710	10.290976	-1.721960			0.711397
#QSOgal6	32031559	352.586365	0.291080	10.474289	3.386074			0.704918
#QSOgal7	32020494	352.597229	0.168176	10.940716	-1.916122			0.711035
