Internal-count	#main_id	obj	ra	dec	z	xmask	ymask	slit_length_left	slit_length_right	offset	thickness	length_slit	xmm	ymm
1	102173356.0	0	31.891568	-5.706738	0.6412	-12.51997517	-0.79326406	0.12	0.12	0.0	0.075	0.24	-12.5199752	-0.7932641
2	102177432.0	0	31.898248	-5.68743	0.6443	-12.2415289	0.020946023	0.12	0.12	0.0	0.075	0.24	-12.2415289	0.020946
3	102166895.0	0	31.911268	-5.736654	0.6604	-11.69578144	-2.054673351	0.12	0.12	0.0	0.075	0.24	-11.6957814	-2.0546734
4	102189833.0	0	31.930955	-5.626884	0.656	-10.87441134	2.575589801	0.12	0.12	0.0	0.075	0.24	-10.8744113	2.5755898
5	102164719.0	0	31.942081	-5.747289	0.6556	-10.40678892	-2.503575717	0.12	0.12	0.0	0.075	0.24	-10.4067889	-2.5035757
6	102167331.0	0	31.947899	-5.735505	0.6562	-10.16388178	-2.006534116	0.12	0.12	0.0	0.075	0.24	-10.1638818	-2.0065341
7	102175258.0	0	31.969016	-5.698274	0.6418	-9.280872819	-0.435406664	0.12	0.12	0.0	0.075	0.24	-9.2808728	-0.4354067
8	102173787.0	0	31.97817	-5.704451	0.6423	-8.89721909	-0.696043491	0.12	0.12	0.0	0.075	0.24	-8.8972191	-0.6960435
9	102175840.0	0	31.984216	-5.694945	0.6418	-8.64404662	-0.294715158	0.12	0.12	0.0	0.075	0.24	-8.6440466	-0.2947152
10	102161718.0	0	31.993805	-5.761194	0.6556	-8.239980602	-3.091089791	0.12	0.12	0.0	0.075	0.24	-8.2399806	-3.0910898
11	102176019.0	0	32.000532	-5.693551	0.6414	-7.96006369	-0.235674456	0.12	0.12	0.0	0.075	0.24	-7.9600637	-0.2356745
12	102162797.0	0	32.007183	-5.755669	0.6544	-7.679379267	-2.858121775	0.12	0.12	0.0	0.075	0.24	-7.6793793	-2.8581218
13	102178144.0	0	32.02289	-5.683079	0.6425	-7.022350901	0.206799196	0.12	0.12	0.0	0.075	0.24	-7.0223509	0.2067992
14	111007086.0	0	32.06701	-5.594838	0.6374	-5.16967284	3.934102036	0.12	0.12	0.0	0.075	0.24	-5.1696728	3.934102
15	102195156.0	0	32.08196	-5.599334	0.6408	-4.541753926	3.744763132	0.12	0.12	0.0	0.075	0.24	-4.5417539	3.7447631
16	102170695.0	0	32.090328	-5.718481	0.6419	-4.190085005	-1.288154432	0.12	0.12	0.0	0.075	0.24	-4.190085	-1.2881544
17	102170154.0	0	32.096311	-5.721319	0.6466	-3.938649664	-1.40805133	0.12	0.12	0.0	0.075	0.24	-3.9386497	-1.4080513
18	102172603.0	0	32.103019	-5.709161	0.6434	-3.656907987	-0.894374696	0.12	0.12	0.0	0.075	0.24	-3.656908	-0.8943747
19	102177777.0	0	32.108736	-5.68571	0.6762	-3.416817793	0.096521081	0.12	0.12	0.0	0.075	0.24	-3.4168178	0.0965211
20	112012519.0	0	32.126712	-5.569555	0.6566	-2.660721504	5.003070052	0.12	0.12	0.0	0.075	0.24	-2.6607215	5.0030701
21	112008909.0	0	32.132661	-5.586842	0.6596	-2.410834905	4.273393523	0.12	0.12	0.0	0.075	0.24	-2.4108349	4.2733935
22	103192995.0	0	32.146149	-5.730355	0.6468	-1.84375308	-1.789866382	0.12	0.4	0.0	0.075	0.52	-1.7037531	-1.7898664
23	103193101.0	0	32.154077	-5.72991	0.6468	-1.510441809	-1.771070672	0.18	0.18	0.0	0.075	0.36	-1.5104418	-1.7710707
24	103202362.0	0	32.162534	-5.691429	0.643	-1.155002408	-0.144938384	0.12	0.12	0.0	0.075	0.24	-1.1550024	-0.1449384
25	103185145.0	0	32.168473	-5.763935	0.6465	-0.905006727	-3.208584882	0.12	0.12	0.0	0.075	0.24	-0.9050067	-3.2085849
26	103198924.0	0	32.174664	-5.706502	0.6446	-0.644897089	-0.781914604	0.12	0.12	0.0	0.075	0.24	-0.6448971	-0.7819146
27	103196028.0	0	32.183064	-5.718329	0.6419	-0.291657895	-1.281710179	0.2	0.12	0.009	0.075	0.32	-0.3316579	-1.2727102
28	103196115.0	0	32.185309	-5.717904	0.6421	-0.197256364	-1.263750454	0.0	0.0	0.0	0.075	0.0	-0.1972564	-1.2637505
29	103199250.0	0	32.192689	-5.704582	0.6564	0.113076971	-0.700771698	0.12	0.12	0.0	0.075	0.24	0.113077	-0.7007717
30	103176445.0	0	32.202194	-5.800675	0.7377	0.512518589	-4.760144875	0.08	0.16	0.0	0.075	0.24	0.5525186	-4.7601449
31	103199261.0	0	32.206743	-5.705095	0.7352	0.704064946	-0.722455663	0.16	0.08	0.0	0.075	0.24	0.6640649	-0.7224557
32	103200737.0	0	32.21665	-5.697886	0.6379	1.120674017	-0.417811753	0.12	0.12	0.0	0.075	0.24	1.120674	-0.4178118
33	103206793.0	0	32.224164	-5.673316	0.6455	1.436688183	0.620498959	0.09	0.15	0.0	0.075	0.24	1.4666882	0.620499
34	103202729.0	0	32.228476	-5.689591	0.6363	1.61796931	-0.067288848	0.15	0.09	0.0	0.075	0.24	1.5879693	-0.0672888
35	112014514.0	0	32.2375	-5.55779	0.6505	1.996947694	5.499920239	0.12	0.12	0.0	0.075	0.24	1.9969477	5.4999202
36	103195071.0	0	32.264181	-5.72286	0.734	3.118795258	-1.473163111	0.14	0.1	0.0	0.075	0.24	3.0987953	-1.4731631
37	103196599.0	0	32.274064	-5.716005	0.7188	3.534242618	-1.183535781	0.12	0.12	0.0	0.075	0.24	3.5342426	-1.1835358
38	103190970.0	0	32.279995	-5.738793	0.7115	3.783159463	-2.146259338	0.12	0.12	0.0	0.075	0.24	3.7831595	-2.1462593
39	103218476.0	0	32.294122	-5.6254	0.7198	4.377409735	2.644121068	0.12	0.12	0.0	0.075	0.24	4.3774097	2.6441211
40	103205995.0	0	32.307455	-5.675126	0.6684	4.937627213	0.543368362	0.06	0.18	0.0	0.075	0.24	4.9976272	0.5433684
41	112013659.0	0	32.310532	-5.562604	0.6783	5.065766472	5.294598844	0.18	0.06	0.0	0.075	0.24	5.0057665	5.2945988
42	103219293.0	0	32.320784	-5.621506	0.6563	5.497362976	2.807893355	0.12	0.12	0.0	0.075	0.24	5.497363	2.8078934
43	103209000.0	0	32.327271	-5.663197	0.7205	5.769940296	1.046980937	0.12	0.12	0.0	0.075	0.24	5.7699403	1.0469809
44	103217836.0	0	32.336883	-5.628133	0.6629	6.173404139	2.527584911	0.08	0.16	0.0	0.075	0.24	6.2134041	2.5275849
45	112012466.0	0	32.340871	-5.569115	0.655	6.339684316	5.018485666	0.16	0.08	0.0	0.075	0.24	6.2996843	5.0184857
46	103181554.0	0	32.350896	-5.779373	0.7378	6.758956078	-3.858978987	0.12	0.12	0.0	0.075	0.24	6.7589561	-3.858979
47	112013899.0	0	32.36018	-5.562246	0.6412	7.149654319	5.307167502	0.12	0.12	0.0	0.075	0.24	7.1496543	5.3071675
48	112007353.0	0	32.37106	-5.59419	0.6835	7.606980809	3.958979139	0.12	0.12	0.0	0.075	0.24	7.6069808	3.9589791
49	112007404.0	0	32.38187	-5.595051	0.6415	8.060312591	3.922087597	0.12	0.12	0.0	0.075	0.24	8.0603126	3.9220876
50	103221874.0	0	32.388121	-5.609652	0.6432	8.322720592	3.30569227	0.12	0.12	0.0	0.075	0.24	8.3227206	3.3056923
51	103208984.0	0	32.395107	-5.663555	0.6639	8.616015666	1.030386565	0.12	0.12	0.0	0.075	0.24	8.6160157	1.0303866
52	103181519.0	0	32.402062	-5.778129	0.6566	8.903937861	-3.805264482	0.12	0.12	0.0	0.075	0.24	8.9039379	-3.8052645
53	103193376.0	0	32.41377	-5.729145	0.6617	9.396670847	-1.738288189	0.08	0.16	0.0	0.075	0.24	9.4366708	-1.7382882
54	103220895.0	0	32.418352	-5.614853	0.6651	9.589524997	3.084707769	0.12	0.11	-0.011	0.075	0.23	9.584525	3.0737078
55	103220463.0	0	32.420143	-5.615375	0.6644	9.664538616	3.062591238	0.0	0.0	0.0	0.075	0.0	9.6645386	3.0625912
56	103220057.0	0	32.422267	-5.618051	0.6663	9.753534207	2.949591973	0.0	0.0	0.0	0.075	0.0	9.7535342	2.949592
57	103220162.0	0	32.425696	-5.61832	0.6642	9.89711379	2.938062334	0.2	0.18	0.006	0.075	0.38	9.8871138	2.9440623
58	103177700.0	0	32.43455	-5.795051	0.7404	10.26279627	-4.51778796	0.3	0.12	0.0	0.075	0.42	10.1727963	-4.517788
59	103190971.0	0	32.469175	-5.7396	0.6497	11.71414169	-2.178890833	0.12	0.12	0.0	0.075	0.24	11.7141417	-2.1788908
60	103191680.0	0	32.482446	-5.736154	0.661	12.26872265	-2.033456515	0.12	0.12	0.0	0.075	0.24	12.2687226	-2.0334565
Blank1	0.0	0	32.052	-5.63	0.7	-5.800460341	2.449005008	0.4	0.14	0.0	0.075	0.54	-5.9304603	2.449005
Blank2	0.0	0	32.074	-5.61	0.7	-4.87628521	3.29417612	0.12	0.12	0.0	0.075	0.24	-4.8762852	3.2941761
Blank3	0.0	0	32.287	-5.68	0.7	4.078181743	0.337662761	0.12	0.12	0.0	0.075	0.24	4.0781817	0.3376628
OVI1	102156098.0	0	31.904748	-5.787182	0.9724	-11.96477555	-4.184456229	0.12	0.12	0.0	0.075	0.24	-11.9647756	-4.1844562
OVI2	103175557.0	0	32.488523	-5.804923	0.9832	12.51720191	-4.931191551	0.12	0.12	0.0	0.075	0.24	12.5172019	-4.9311916
QSO1	2.67e+18	1	32.040139	-5.644209	0.6421	-6.29852483	1.848652769	0.3	0.3	0.07	0.075	0.6	-6.2985248	1.9186528
QSO2	20900000000000.0	1	32.454515	-5.806811	0.738	11.0966632	-5.012526328	0.4	0.4	0.07	0.075	0.8	11.0966632	-4.9425263
QSO3	20800000000000.0	2	32.017403	-5.687933	2.418	-7.252513793	0.001746613	0.1	0.16	0.0	0.075	0.26	-7.2225138	0.0017466
QSO4	21000000000000.0	2	32.477434	-5.605045	2.455	12.06066011	3.494535354	0.08	0.16	0.0	0.075	0.24	12.1006601	3.4945354