mapping.coeffs = array([[[[-7.97574396e+03,  1.04866126e+03],
         [ 9.49756479e+01,  5.35711383e+00],
         [-1.06215078e+01, -9.24459185e+00]],

        [[-2.90827348e+00, -7.91442605e+01],
         [-5.63423217e-01, -2.66570084e+00],
         [ 8.46515301e-01,  5.64792590e-01]],

        [[ 2.54005409e-01, -9.82678388e-02],
         [-7.45010974e-01, -3.92049681e-01],
         [ 1.14372627e-01,  1.32956525e-01]]],


       [[[ 4.67148080e+04, -1.31205225e+02],
         [-1.28030260e+02, -4.13176217e+01],
         [ 5.11892890e+01,  4.50804272e+01]],

        [[ 4.08134555e+00,  9.62874474e+00],
         [ 2.43286472e+00,  1.27386009e+01],
         [-3.87350825e+00, -2.75978899e+00]],

        [[-8.64686135e-01,  6.27616463e-01],
         [ 3.47802160e+00,  1.95159603e+00],
         [-5.48332070e-01, -6.48181015e-01]]]])

mapping.Dcoeffs = [array([[[[ 4.67148080e+04, -1.31205225e+02],
         [-1.28030260e+02, -4.13176217e+01],
         [ 5.11892890e+01,  4.50804272e+01]],

        [[ 4.08134555e+00,  9.62874474e+00],
         [ 2.43286472e+00,  1.27386009e+01],
         [-3.87350825e+00, -2.75978899e+00]],

        [[-8.64686135e-01,  6.27616463e-01],
         [ 3.47802160e+00,  1.95159603e+00],
         [-5.48332070e-01, -6.48181015e-01]]]]), array([[[[ -2.90827348, -79.14426045],
         [ -0.56342322,  -2.66570084],
         [  0.8465153 ,   0.56479259]],

        [[  0.50801082,  -0.19653568],
         [ -1.49002195,  -0.78409936],
         [  0.22874525,   0.26591305]]],


       [[[  4.08134555,   9.62874474],
         [  2.43286472,  12.73860092],
         [ -3.87350825,  -2.75978899]],

        [[ -1.72937227,   1.25523293],
         [  6.9560432 ,   3.90319205],
         [ -1.09666414,  -1.29636203]]]]), array([[[[  94.97564786,    5.35711383],
         [ -21.24301563,  -18.4891837 ]],

        [[  -0.56342322,   -2.66570084],
         [   1.6930306 ,    1.12958518]],

        [[  -0.74501097,   -0.39204968],
         [   0.22874525,    0.26591305]]],


       [[[-128.0302605 ,  -41.31762175],
         [ 102.37857792,   90.16085431]],

        [[   2.43286472,   12.73860092],
         [  -7.74701651,   -5.51957798]],

        [[   3.4780216 ,    1.95159603],
         [  -1.09666414,   -1.29636203]]]])]

inv_mapping.coeffs = array([[[[ 1.00847618e+02,  4.32331387e+01],
         [-2.15085566e-01,  2.74603118e-01],
         [ 9.56310705e-05, -1.55235328e-04]],

        [[-1.28790306e-01,  1.19124023e-01],
         [ 2.67404413e-04, -3.45510164e-04],
         [-1.21962643e-07,  1.87971112e-07]],

        [[ 4.22333874e-05, -3.51360436e-05],
         [-8.56089931e-08,  1.06030044e-07],
         [ 3.82636218e-11, -5.57317757e-11]]],


       [[[-4.12171719e+02, -3.43475851e+02],
         [ 9.72068094e-01, -1.31058907e+00],
         [-4.63532830e-04,  7.46873213e-04]],

        [[ 6.13395782e-01, -4.87740231e-01],
         [-1.28826462e-03,  1.65321686e-03],
         [ 5.91296143e-07, -9.06946966e-07]],

        [[-2.02522357e-04,  1.65252851e-04],
         [ 4.12665072e-07, -5.08514586e-07],
         [-1.85385095e-10,  2.69368768e-10]]]])

inv_mapping.Dcoeffs = [array([[[[-4.12171719e+02, -3.43475851e+02],
         [ 9.72068094e-01, -1.31058907e+00],
         [-4.63532830e-04,  7.46873213e-04]],

        [[ 6.13395782e-01, -4.87740231e-01],
         [-1.28826462e-03,  1.65321686e-03],
         [ 5.91296143e-07, -9.06946966e-07]],

        [[-2.02522357e-04,  1.65252851e-04],
         [ 4.12665072e-07, -5.08514586e-07],
         [-1.85385095e-10,  2.69368768e-10]]]]), array([[[[-1.28790306e-01,  1.19124023e-01],
         [ 2.67404413e-04, -3.45510164e-04],
         [-1.21962643e-07,  1.87971112e-07]],

        [[ 8.44667748e-05, -7.02720872e-05],
         [-1.71217986e-07,  2.12060088e-07],
         [ 7.65272437e-11, -1.11463551e-10]]],


       [[[ 6.13395782e-01, -4.87740231e-01],
         [-1.28826462e-03,  1.65321686e-03],
         [ 5.91296143e-07, -9.06946966e-07]],

        [[-4.05044715e-04,  3.30505703e-04],
         [ 8.25330144e-07, -1.01702917e-06],
         [-3.70770191e-10,  5.38737536e-10]]]]), array([[[[-2.15085566e-01,  2.74603118e-01],
         [ 1.91262141e-04, -3.10470657e-04]],

        [[ 2.67404413e-04, -3.45510164e-04],
         [-2.43925287e-07,  3.75942225e-07]],

        [[-8.56089931e-08,  1.06030044e-07],
         [ 7.65272437e-11, -1.11463551e-10]]],


       [[[ 9.72068094e-01, -1.31058907e+00],
         [-9.27065660e-04,  1.49374643e-03]],

        [[-1.28826462e-03,  1.65321686e-03],
         [ 1.18259229e-06, -1.81389393e-06]],

        [[ 4.12665072e-07, -5.08514586e-07],
         [-3.70770191e-10,  5.38737536e-10]]]])]